3-99,4,23,12,2017,28,12,2017,23,12,2017
3-997,4,23,12,2017,28,12,2017,23,12,2017
3-99,4,23,12,2017,28,12,2017,23,12,2017
7777,4,23,12,2017,28,12,2017,23,12,2017
8888,4,23,12,2017,28,12,2017,23,12,2017
7777,4,23,12,2017,28,12,2017,23,12,2017
577,4,23,12,2017,28,12,2017,23,12,2017
3-99,4,23,12,2017,28,12,2017,23,12,2017
3-997,4,23,12,2017,28,12,2017,23,12,2017
3-99,4,23,12,2017,28,12,2017,23,12,2017
7777,4,23,12,2017,28,12,2017,23,12,2017
8888,4,23,12,2017,28,12,2017,23,12,2017
7777,4,23,12,2017,28,12,2017,23,12,2017
577,4,23,12,2017,28,12,2017,23,12,2017
577,4,23,12,2017,28,12,2017,23,12,2017